STF_01	23	1	15	30
STF_02	14	1	8	20
STF_06	20	1	13	30
STF_08	18	1	11	25
STF_09	19	1	14	25
STF_10	21	1	13	30
STF_11	18	1	13	25
STF_12	23	1	12	30
STF_13	21	1	13	30
STF_16	23	1	11	30
STF_17	16	1	8	25
STF_18	22	1	13	30
STF_19	22	1	12	30
STF_20	17	1	8	20
MR_250250	24	1	12	30
MR_293293	24	1	11	30
MR_119119	22	1	10	30
MR_054054	16	1	8	20
MR_104104	25	1	12	30
MR_236236	25	1	13	30
MR_269269	24	1	13	30
MR_087087	20	1	10	30
MR_091091	21	1	12	25
MR_124124	18	1	10	25
MR_126126	25	1	12	30
MR_042042	18	1	11	25
MR_262262	23	1	11	30
MR_160160	14	1	7	20