3.958104000000000156e+02
5.705981000000000449e+02
6.174222999999999502e+02
5.700221999999999980e+02
6.744646999999999935e+02
4.663949999999999818e+02
5.536367999999999938e+02
4.770280999999999949e+02
4.118684999999999832e+02
1.734029999999999916e+02
1.407613000000000056e+02
2.174121000000000095e+02
2.529659000000000049e+02
2.578525000000000205e+02
2.614760999999999740e+02
2.500912999999999897e+02
3.516868999999999801e+02
2.300355000000000132e+02
2.234098999999999933e+02
4.644875999999999863e+02
1.823231000000000108e+02
3.643885999999999967e+02
1.369343000000000075e+02
2.793566000000000145e+02
2.932096999999999980e+02
2.020663000000000125e+02
3.269116000000000213e+02
3.893537000000000035e+02
